-1.430601297567935526e-01 -1.263183617075534226e-01 -1.263183617075534226e-01 -1.263183617075534226e-01 -1.263183617075534226e-01
-1.545283147329491458e-01 -1.426836311818453218e-01 -1.426836311818453218e-01 -1.426836311818453218e-01 -1.426836311818453218e-01
-1.674079924098882122e-01 -1.468803351389776080e-01 -1.468803351389776080e-01 -1.468803351389776080e-01 -1.468803351389776080e-01
-1.653781774034676355e-01 -1.560865536937579845e-01 -1.560865536937579845e-01 -1.560865536937579845e-01 -1.560865536937579845e-01
-1.619862918986586797e-01 -1.559515900263945820e-01 -1.559515900263945820e-01 -1.559515900263945820e-01 -1.559515900263945820e-01
-1.628866727041430595e-01 -1.595298765402423935e-01 -1.595298765402423935e-01 -1.595298765402423935e-01 -1.595298765402423935e-01
-1.671419364332278057e-01 -1.572727504482524519e-01 -1.572727504482524519e-01 -1.572727504482524519e-01 -1.572727504482524519e-01
-1.685585825596532528e-01 -1.621177032897336001e-01 -1.621177032897336001e-01 -1.621177032897336001e-01 -1.621177032897336001e-01
-1.693711681477885478e-01 -1.618709313837369823e-01 -1.618709313837369823e-01 -1.618709313837369823e-01 -1.618709313837369823e-01
-1.685280447131150272e-01 -1.619164762082717923e-01 -1.619164762082717923e-01 -1.619164762082717923e-01 -1.619164762082717923e-01
-1.682907675472981313e-01 -1.624409246797145767e-01 -1.624409246797145767e-01 -1.624409246797145767e-01 -1.624409246797145767e-01
-1.663152829889831541e-01 -1.619888434482072148e-01 -1.619888434482072148e-01 -1.619888434482072148e-01 -1.619888434482072148e-01
-1.655559578006726151e-01 -1.625914814667191455e-01 -1.626386453553574085e-01 -1.626386453553574085e-01 -1.626386453553574085e-01
-1.656755052595141331e-01 -1.638562885765970645e-01 -1.625099641102199510e-01 -1.625099641102199510e-01 -1.625099641102199510e-01
-1.659012643723714042e-01 -1.649833837837897110e-01 -1.650085475888400099e-01 -1.650085475888400099e-01 -1.650085475888400099e-01
-1.663558893736120370e-01 -1.656262352541270078e-01 -1.648506725200389600e-01 -1.648506725200389600e-01 -1.648506725200389600e-01
-1.663691334050363402e-01 -1.656282827866239205e-01 -1.649614744008399136e-01 -1.649614744008399136e-01 -1.649614744008399136e-01
-1.659328320351255714e-01 -1.657660081204966052e-01 -1.649874249814427540e-01 -1.649874249814427540e-01 -1.649874249814427540e-01
-1.661941105299952759e-01 -1.665348408145657932e-01 -1.661708262195029095e-01 -1.661708262195029095e-01 -1.661708262195029095e-01
-1.664339901250826981e-01 -1.663113881836957020e-01 -1.664190007361086854e-01 -1.664190007361086854e-01 -1.664190007361086854e-01
-1.668235168632052345e-01 -1.664931329476777577e-01 -1.673500776571397175e-01 -1.673500776571397175e-01 -1.673500776571397175e-01
-1.670051476814796709e-01 -1.664950938264861957e-01 -1.671098674671001594e-01 -1.671098674671001594e-01 -1.671098674671001594e-01
-1.675180048394641630e-01 -1.672541169845576103e-01 -1.674801475912740534e-01 -1.674801475912740534e-01 -1.674801475912740534e-01
-1.677200552567237046e-01 -1.673956764843056999e-01 -1.671018684104969287e-01 -1.671018684104969287e-01 -1.671018684104969287e-01
-1.678145793613452508e-01 -1.673073934721360234e-01 -1.664702171014539600e-01 -1.664702171014539600e-01 -1.664702171014539600e-01
-1.680705449774563265e-01 -1.675555739052961290e-01 -1.667937249648491216e-01 -1.665133593222158370e-01 -1.665133593222158370e-01
-1.678148376962751709e-01 -1.674419871639579727e-01 -1.666986292508793321e-01 -1.668649110870073227e-01 -1.668649110870073227e-01
-1.681591980620519289e-01 -1.677434345697678963e-01 -1.666783086692315008e-01 -1.668541042832750454e-01 -1.668541042832750454e-01
-1.676300536949240916e-01 -1.672480931976968177e-01 -1.662864402310472722e-01 -1.672461590460698755e-01 -1.672461590460698755e-01
-1.678158656191846565e-01 -1.673435792548267353e-01 -1.665587807207511706e-01 -1.669223325503103872e-01 -1.669223325503103872e-01
-1.675783289758723815e-01 -1.670014339067597553e-01 -1.664420394636456912e-01 -1.671716076555983255e-01 -1.671716076555983255e-01
-1.678699607801767413e-01 -1.671469536413421331e-01 -1.666100796917740212e-01 -1.669343298220493654e-01 -1.669343298220493654e-01
-1.679430098143718242e-01 -1.670933183177546466e-01 -1.667410485013586519e-01 -1.675037130900292326e-01 -1.675037130900292326e-01
-1.681414912674055184e-01 -1.672914617567742013e-01 -1.666638067654064026e-01 -1.674369691472772093e-01 -1.674369691472772093e-01
-1.680552519198455497e-01 -1.671119892744739321e-01 -1.666813705741947982e-01 -1.679605223487185273e-01 -1.679605223487185273e-01
-1.676813998075999679e-01 -1.670375500250905199e-01 -1.664053286914793095e-01 -1.680322748988012371e-01 -1.680322748988012371e-01
-1.676619109492691329e-01 -1.669630444070237807e-01 -1.665081963979677115e-01 -1.681804608699495607e-01 -1.681804608699495607e-01
-1.672592360947039447e-01 -1.666277850856350273e-01 -1.661992691759330010e-01 -1.679932684262628317e-01 -1.680816168423897305e-01
-1.675835403475149366e-01 -1.668789172262043763e-01 -1.665877561040926547e-01 -1.682651242787329970e-01 -1.681564964324229750e-01
-1.674987738801877735e-01 -1.667260691848243548e-01 -1.665811456871574281e-01 -1.682117230409492237e-01 -1.682384473465651231e-01
-1.670325421454944281e-01 -1.662594647642927081e-01 -1.661037062427580535e-01 -1.677915851457025265e-01 -1.680575730018825376e-01
-1.670606320356975427e-01 -1.662867214208359479e-01 -1.660428956273024281e-01 -1.678065018176594647e-01 -1.678033851661535070e-01
-1.667531198321881014e-01 -1.661254657351020347e-01 -1.660047820439082833e-01 -1.676301772811053525e-01 -1.678679033599355108e-01
-1.667347395185694303e-01 -1.660808992009994434e-01 -1.660539900072902086e-01 -1.675104687909654000e-01 -1.678756883840379355e-01
-1.669723038336389520e-01 -1.659983768742633869e-01 -1.660456076240869605e-01 -1.676006723929593378e-01 -1.678086860585454032e-01
-1.670333106441269921e-01 -1.662025453842161937e-01 -1.662462120201028681e-01 -1.677562311878284806e-01 -1.677835356488962537e-01
-1.671511066681903024e-01 -1.664804315194867157e-01 -1.664786240123516392e-01 -1.679693937743617915e-01 -1.678270878955646084e-01
-1.665832229318880697e-01 -1.659694587122956533e-01 -1.660056961617745463e-01 -1.673760315131082310e-01 -1.676026445265226539e-01
-1.669728587055221702e-01 -1.663554038771707377e-01 -1.663511039802025027e-01 -1.677041632869566701e-01 -1.674138591054737391e-01
-1.670241096930931424e-01 -1.664996768667015847e-01 -1.663832586462366536e-01 -1.677280597987420019e-01 -1.671812847323601026e-01
