-5.435394612966109457e-02 -5.224335839029469603e-02 -5.224335839029469603e-02 -5.224335839029469603e-02 -5.224335839029469603e-02
-1.183879913384537907e-01 -1.027695120123583578e-01 -1.027695120123583578e-01 -1.027695120123583578e-01 -1.027695120123583578e-01
-1.423315100898396024e-01 -1.255596887281195118e-01 -1.255596887281195118e-01 -1.255596887281195118e-01 -1.255596887281195118e-01
-1.484385590997886195e-01 -1.382930481333833062e-01 -1.382930481333833062e-01 -1.382930481333833062e-01 -1.382930481333833062e-01
-1.498432739503083033e-01 -1.463949001985149212e-01 -1.463949001985149212e-01 -1.463949001985149212e-01 -1.463949001985149212e-01
-1.550062368378596345e-01 -1.523121530780858490e-01 -1.523121530780858490e-01 -1.523121530780858490e-01 -1.523121530780858490e-01
-1.613530361542298563e-01 -1.570854941666071647e-01 -1.570854941666071647e-01 -1.570854941666071647e-01 -1.570854941666071647e-01
-1.650845092269812020e-01 -1.616697352181921399e-01 -1.616697352181921399e-01 -1.616697352181921399e-01 -1.616697352181921399e-01
-1.668691143747332850e-01 -1.644943227129690988e-01 -1.644943227129690988e-01 -1.644943227129690988e-01 -1.644943227129690988e-01
-1.693282908968887779e-01 -1.668295022232055280e-01 -1.668295022232055280e-01 -1.668295022232055280e-01 -1.668295022232055280e-01
-1.699538770867818627e-01 -1.672305284260351688e-01 -1.672305284260351688e-01 -1.672305284260351688e-01 -1.672305284260351688e-01
-1.716302616290242000e-01 -1.681346525382958756e-01 -1.681346525382958756e-01 -1.681346525382958756e-01 -1.681346525382958756e-01
-1.716092800788159844e-01 -1.679746323159776455e-01 -1.687474735348735155e-01 -1.687474735348735155e-01 -1.687474735348735155e-01
-1.714077747770892668e-01 -1.700240810603742825e-01 -1.687516781671452304e-01 -1.687516781671452304e-01 -1.687516781671452304e-01
-1.734778736096091178e-01 -1.708251823357264387e-01 -1.728357151676127301e-01 -1.728357151676127301e-01 -1.728357151676127301e-01
-1.735389047159811571e-01 -1.721343381926282445e-01 -1.729433006191038180e-01 -1.729433006191038180e-01 -1.729433006191038180e-01
-1.752487861441149597e-01 -1.734068690745028396e-01 -1.740205105709770328e-01 -1.740205105709770328e-01 -1.740205105709770328e-01
-1.751068343897011492e-01 -1.730589515436571635e-01 -1.734227746693380312e-01 -1.734227746693380312e-01 -1.734227746693380312e-01
-1.758412942488943864e-01 -1.746602028795938011e-01 -1.756048524374448083e-01 -1.756048524374448083e-01 -1.756048524374448083e-01
-1.776227635042029185e-01 -1.758480551907845024e-01 -1.756920808912984522e-01 -1.756920808912984522e-01 -1.756920808912984522e-01
-1.778850061866110166e-01 -1.757821787088136578e-01 -1.781902961598988699e-01 -1.781902961598988699e-01 -1.781902961598988699e-01
-1.776460968264754192e-01 -1.757371916103917797e-01 -1.784487206020155259e-01 -1.784487206020155259e-01 -1.784487206020155259e-01
-1.791522070449105275e-01 -1.773994696265341620e-01 -1.789646176632742613e-01 -1.789646176632742613e-01 -1.789646176632742613e-01
-1.795360736216835562e-01 -1.773383220244175995e-01 -1.780414956436428831e-01 -1.780414956436428831e-01 -1.780414956436428831e-01
-1.789087171263643861e-01 -1.776191707806112907e-01 -1.784853965533757247e-01 -1.784853965533757247e-01 -1.784853965533757247e-01
-1.796971388196347275e-01 -1.782362184616861356e-01 -1.788540813369528248e-01 -1.772708031986408306e-01 -1.772708031986408306e-01
-1.795738587790009777e-01 -1.784660694558163341e-01 -1.777253406199328645e-01 -1.778008603311090341e-01 -1.778008603311090341e-01
-1.808810544395244857e-01 -1.788662473956582344e-01 -1.794539123292650251e-01 -1.788184834640579035e-01 -1.788184834640579035e-01
-1.804250892141174567e-01 -1.790904239490423711e-01 -1.792137896446555079e-01 -1.789818057210871005e-01 -1.789818057210871005e-01
-1.812145685463791289e-01 -1.791446601212761947e-01 -1.793552496568070476e-01 -1.796547650514489503e-01 -1.796547650514489503e-01
-1.805697476421493641e-01 -1.786346292859264662e-01 -1.792819683118883900e-01 -1.790167173690958846e-01 -1.790167173690958846e-01
-1.807834933680763367e-01 -1.795834805636835063e-01 -1.796813718260713288e-01 -1.798088305404429155e-01 -1.798088305404429155e-01
-1.812406234577422781e-01 -1.800199179166995789e-01 -1.797255323879682343e-01 -1.808415393837096985e-01 -1.808415393837096985e-01
-1.821117988781501551e-01 -1.797132595523090459e-01 -1.808958372376499868e-01 -1.803423036965630111e-01 -1.803423036965630111e-01
-1.821867476282607035e-01 -1.806111747728300632e-01 -1.804581399932342622e-01 -1.810135100674726827e-01 -1.810135100674726827e-01
-1.810832200317129825e-01 -1.804673830430349457e-01 -1.795513313954562040e-01 -1.809438952708491699e-01 -1.809438952708491699e-01
-1.810803170832735176e-01 -1.808899165946879217e-01 -1.803834967346887586e-01 -1.808523819946745159e-01 -1.808523819946745159e-01
-1.814693190070535422e-01 -1.808516738146859204e-01 -1.803344989859862468e-01 -1.819114575478504858e-01 -1.821624792627914435e-01
-1.818053535845511048e-01 -1.809618431169639496e-01 -1.809123203442406236e-01 -1.823039706582895714e-01 -1.818319264181683936e-01
-1.820282744377280937e-01 -1.812999078946760378e-01 -1.810708178728791806e-01 -1.827902672844514131e-01 -1.827565958421895898e-01
-1.816380324702570603e-01 -1.813330501186141142e-01 -1.809052807666231277e-01 -1.816887672444081336e-01 -1.821505314243533347e-01
-1.819026161695182775e-01 -1.809294021310247080e-01 -1.814039868515636700e-01 -1.821031445584435360e-01 -1.816124053309002284e-01
-1.815647328738274335e-01 -1.811885930163942005e-01 -1.814250184391730802e-01 -1.827254035844334823e-01 -1.822830225356407707e-01
-1.822655861519624498e-01 -1.809357135198114974e-01 -1.807658353182901301e-01 -1.824350650215161851e-01 -1.821008594533340685e-01
-1.818887387979828962e-01 -1.819824295576816242e-01 -1.809471636431276564e-01 -1.822935235435742263e-01 -1.822715180411624281e-01
-1.824568050786632978e-01 -1.808242815615494492e-01 -1.815493664446240774e-01 -1.824747971868275753e-01 -1.826038374528035080e-01
-1.835241655256235893e-01 -1.822814087774649039e-01 -1.823156490101294214e-01 -1.831443872436190612e-01 -1.831975652218821859e-01
-1.823387269354536377e-01 -1.809013379576517311e-01 -1.814575872648285793e-01 -1.829632451870344401e-01 -1.827163376182047161e-01
-1.826107955378203085e-01 -1.821798514171169836e-01 -1.815391876111366598e-01 -1.831665816827897086e-01 -1.827864000502777697e-01
-1.829055324758781798e-01 -1.822305725835205448e-01 -1.821468209719136200e-01 -1.830614427839156733e-01 -1.827268016563181607e-01
