1.380000000000000000e+02
4.170000000000000000e+02
6.970000000000000000e+02
9.760000000000000000e+02
1.255000000000000000e+03
1.535000000000000000e+03
1.814000000000000000e+03
2.093000000000000000e+03
2.373000000000000000e+03
2.652000000000000000e+03
2.932000000000000000e+03
3.211000000000000000e+03
3.490000000000000000e+03
3.770000000000000000e+03
4.049000000000000000e+03
4.329000000000000000e+03
4.608000000000000000e+03
4.887000000000000000e+03
5.167000000000000000e+03
5.446000000000000000e+03
5.725000000000000000e+03
6.005000000000000000e+03
6.284000000000000000e+03
6.564000000000000000e+03
6.843000000000000000e+03
7.122000000000000000e+03
7.402000000000000000e+03
7.681000000000000000e+03
7.960000000000000000e+03
8.240000000000000000e+03
8.519000000000000000e+03
8.799000000000000000e+03
9.078000000000000000e+03
9.357000000000000000e+03
9.637000000000000000e+03
9.916000000000000000e+03
1.019600000000000000e+04
1.047500000000000000e+04
1.075400000000000000e+04
1.103400000000000000e+04
1.131300000000000000e+04
1.159200000000000000e+04
1.187200000000000000e+04
1.215100000000000000e+04
1.243100000000000000e+04
1.271000000000000000e+04
1.298900000000000000e+04
1.326900000000000000e+04
1.354800000000000000e+04
1.382800000000000000e+04
