-2.143821874694366742e-15 -2.900778571755772484e-15 -2.900778571755772484e-15 -2.900778571755772484e-15 -2.900778571755772484e-15
-1.049609995817572239e-14 -1.062650019364766460e-14 -1.062650019364766460e-14 -1.062650019364766460e-14 -1.062650019364766460e-14
-2.243229256086096766e-12 -3.959841204330807599e-13 -3.959841204330807599e-13 -3.959841204330807599e-13 -3.959841204330807599e-13
-4.951399229173208960e-02 -4.153211964731241823e-02 -4.153211964731241823e-02 -4.153211964731241823e-02 -4.153211964731241823e-02
-8.545620764341389786e-02 -7.524936670363840951e-02 -7.524936670363840951e-02 -7.524936670363840951e-02 -7.524936670363840951e-02
-1.055362351790068154e-01 -9.754135678851004465e-02 -9.754135678851004465e-02 -9.754135678851004465e-02 -9.754135678851004465e-02
-1.240350992171431188e-01 -1.188299154076535163e-01 -1.188299154076535163e-01 -1.188299154076535163e-01 -1.188299154076535163e-01
-1.474605399653082516e-01 -1.346039251070364762e-01 -1.346039251070364762e-01 -1.346039251070364762e-01 -1.346039251070364762e-01
-1.330459627866482086e-01 -1.280422095127358995e-01 -1.280422095127358995e-01 -1.280422095127358995e-01 -1.280422095127358995e-01
-1.386794218257849931e-01 -1.307681884441956321e-01 -1.307681884441956321e-01 -1.307681884441956321e-01 -1.307681884441956321e-01
-1.406549625332379205e-01 -1.345641456440982708e-01 -1.345641456440982708e-01 -1.345641456440982708e-01 -1.345641456440982708e-01
-1.411213158008562396e-01 -1.366624771873339306e-01 -1.366624771873339306e-01 -1.366624771873339306e-01 -1.366624771873339306e-01
-1.429518903241587813e-01 -1.394910357026115655e-01 -1.393383615055998337e-01 -1.393383615055998337e-01 -1.393383615055998337e-01
-1.450360165363914489e-01 -1.426470700131156621e-01 -1.412191417280714012e-01 -1.412191417280714012e-01 -1.412191417280714012e-01
-1.467686958491472016e-01 -1.441421404542154172e-01 -1.444455821917252913e-01 -1.444455821917252913e-01 -1.444455821917252913e-01
-1.481202209924733781e-01 -1.458392867680032567e-01 -1.453308799442858956e-01 -1.453308799442858956e-01 -1.453308799442858956e-01
-1.487936771787229384e-01 -1.471685137971584234e-01 -1.470211411600651497e-01 -1.470211411600651497e-01 -1.470211411600651497e-01
-1.494058595558518110e-01 -1.478546395972519800e-01 -1.481992820630555485e-01 -1.481992820630555485e-01 -1.481992820630555485e-01
-1.507155647333365545e-01 -1.493369688513811189e-01 -1.500961627442486956e-01 -1.500961627442486956e-01 -1.500961627442486956e-01
-1.515963346156821157e-01 -1.504639128769978129e-01 -1.516974799507576632e-01 -1.516974799507576632e-01 -1.516974799507576632e-01
-1.527975631992997407e-01 -1.513394166330596646e-01 -1.538309801755410600e-01 -1.538309801755410600e-01 -1.538309801755410600e-01
-1.534455466990765626e-01 -1.520002929200876818e-01 -1.546912427229779341e-01 -1.546912427229779341e-01 -1.546912427229779341e-01
-1.546838132573039593e-01 -1.531371455916881730e-01 -1.556198334800481808e-01 -1.556198334800481808e-01 -1.556198334800481808e-01
-1.557188889725402148e-01 -1.539780914164953218e-01 -1.555180365161165923e-01 -1.555180365161165923e-01 -1.555180365161165923e-01
-1.562990805551471296e-01 -1.544695640842190798e-01 -1.557557904898873857e-01 -1.557557904898873857e-01 -1.557557904898873857e-01
-1.571963275620544276e-01 -1.556110940550383126e-01 -1.564484290633851582e-01 -1.562606651324209284e-01 -1.562606651324209284e-01
-1.573483321001355184e-01 -1.560100961875330039e-01 -1.570595579195072644e-01 -1.569883506813569696e-01 -1.569883506813569696e-01
-1.581343193607555875e-01 -1.568626627108375693e-01 -1.575296091480689331e-01 -1.573434177208769547e-01 -1.573434177208769547e-01
-1.580207855561121255e-01 -1.566831663010364029e-01 -1.575905428492301030e-01 -1.578832214347226925e-01 -1.578832214347226925e-01
-1.584087922333816956e-01 -1.573249998692571316e-01 -1.581430970724626850e-01 -1.579138808802245941e-01 -1.579138808802245941e-01
-1.582557555404440486e-01 -1.571768615350714327e-01 -1.583581577479030722e-01 -1.585135280292216398e-01 -1.585135280292216398e-01
-1.590656119204427454e-01 -1.580665162515318412e-01 -1.588486463984882524e-01 -1.588285007315921593e-01 -1.588285007315921593e-01
-1.593775597212390149e-01 -1.583067799522166197e-01 -1.590775221132034734e-01 -1.595005408898989840e-01 -1.595005408898989840e-01
-1.599632667929151431e-01 -1.587623942111587583e-01 -1.594522031611387836e-01 -1.594519112977883513e-01 -1.594519112977883513e-01
-1.602641253216464112e-01 -1.587640338043402044e-01 -1.595766040289787191e-01 -1.602169059872432799e-01 -1.602169059872432799e-01
-1.603279300992930811e-01 -1.590050445609272889e-01 -1.597502350948141192e-01 -1.606906783691172680e-01 -1.606906783691172680e-01
-1.606467695626349057e-01 -1.593766587644330490e-01 -1.600812407517765990e-01 -1.610406527703677759e-01 -1.610406527703677759e-01
-1.604856463083128293e-01 -1.592665767892215700e-01 -1.599296930658145599e-01 -1.611800330082616695e-01 -1.612428141608294452e-01
-1.609664639285657006e-01 -1.597507269650195738e-01 -1.605590302418341830e-01 -1.615234893261575655e-01 -1.615924110056994323e-01
-1.610977853962197448e-01 -1.597934915039149750e-01 -1.607339564137120758e-01 -1.616963488681511241e-01 -1.617753820012588772e-01
-1.607529912550469675e-01 -1.596494021219374837e-01 -1.606217687265207028e-01 -1.615923117994490787e-01 -1.618687435323137580e-01
-1.608101509032422993e-01 -1.598239382595208757e-01 -1.606964253553133104e-01 -1.616773077976489392e-01 -1.617109501613388511e-01
-1.607420860160452825e-01 -1.597659210773145488e-01 -1.608188601014201857e-01 -1.615614791748826440e-01 -1.619723635503878822e-01
-1.608829676942468700e-01 -1.598749531686751157e-01 -1.609363401277550953e-01 -1.616215834595289003e-01 -1.622045637549230090e-01
-1.612412766779297846e-01 -1.601982150088820112e-01 -1.612184496244875864e-01 -1.618435293923126128e-01 -1.622978974404914454e-01
-1.613918334553588463e-01 -1.603773220258056242e-01 -1.614758989870975492e-01 -1.620256248052053538e-01 -1.624475534595361814e-01
-1.615667144799184940e-01 -1.606215696649143376e-01 -1.617071806942729784e-01 -1.622332970440696631e-01 -1.626799256625681978e-01
-1.612909543269464008e-01 -1.603430117008359523e-01 -1.614131069760717796e-01 -1.619840040906677936e-01 -1.627033905271066672e-01
-1.617787665599633162e-01 -1.607911315404097208e-01 -1.618726307728137748e-01 -1.624438314345385825e-01 -1.626499228062632252e-01
-1.619841524196922178e-01 -1.610800804445226275e-01 -1.621139790997463692e-01 -1.626043034060221104e-01 -1.626344901521431519e-01
